5.362316913652606445e+02
3.468494213915722071e+02
3.445297527783963432e+01
-2.788029520756986130e+02
-7.095076570775552227e+01
-5.928911065211328832e+02
-3.532983473609525049e+02
3.939457928502482105e+02
-3.487696306271278672e+02
2.492699448395854347e+02
3.003199205003649581e+02
-3.043832834486895536e+02
-4.630310164469686640e+01
-2.723763962152951308e+02
-1.657521809034173259e+02
2.862451888268192306e+02
-7.272603261623273738e+02
-5.488450343881332572e+01
1.598805942072199286e+02
-5.049669076476766350e+02
-1.214739887797483675e+02
-1.456533514475987658e+02
-2.029281267506212032e+02
-7.765808015722399205e+01
1.665791285085280435e+02
-1.035546741240913349e+02
3.497640782091783649e+02
6.509713539380395559e+02
1.407399735967646848e+02
1.480631125815705218e+01
1.221078783778457932e+02
-2.611205311410468539e+02
4.979926371262471889e+02
-3.794671374875241554e+02
9.167368402713039188e+01
-5.559188498006092232e+02
-3.420118205309422592e+02
-4.860954305005930109e+02
-1.844979303472587162e+02
2.796863165635706991e+02
-7.802858921582937057e+01
1.731609411682474331e+02
-1.349225226169100438e+02
5.876568540281607511e+02
1.158300128432434519e+02
3.288391112360154693e+02
5.369798553556878460e+02
4.173251502381345404e+02
6.370191406408406465e+02
-2.798613039034704570e+02
-2.816951023122073750e+01
-2.798413861928693223e+02
3.423611125876330874e+01
-4.116371889744205959e+01
-6.745107583529399164e+01
-2.987358379730261504e+02
2.606040203626391758e+02
-9.152985175894104941e+01
2.161275309383145498e+02
-2.422979552127546015e+02
2.833785804131377972e+01
2.578639700154833125e+00
3.413424738532559104e+02
-2.114611083744698306e+02
7.502077331999759053e+02
9.134664110552186003e+02
1.473986535835499865e+02
3.606398552306851570e+02
7.301882226743360604e+01
-2.419381800182430879e+02
-4.749737372690150323e+02
-2.858143907527432930e+02
-7.904727949932114939e+01
1.086273517399689439e+02
2.533503392797109086e+02
-2.236127688787332204e+02
4.915653817462680877e+02
2.079402472228669918e+00
1.094418779219200815e+02
-1.297780944533764398e+02
-6.383164597532204425e+02
8.876652584789225031e+00
-5.882847065855614801e+02
-1.604870998721652597e+02
2.351095210067997527e+02
2.917646202176049428e+02
-4.564460611578469411e+02
-2.417791614055907132e+02
-2.786259409711992703e+02
2.101709965823305595e+02
-5.301479401274123120e+02
-4.553562977162731613e+02
1.528297259272447128e+01
1.216856294939490510e+02
-1.616907403598187329e+02
-6.950078389549788653e+02
-1.485030657924851312e+02
9.879190218706195310e+02
-5.625002290157003699e+02
7.568103211581574215e+02
-6.433451676142366296e+02
2.484320810083787023e+02
3.913003759061743381e+02
-8.526321028768403210e+01
-2.609218848642826742e+02
-5.695707327191910281e+02
-5.142904474733239795e+02
6.171671243980587178e+02
1.785627071355330315e+02
-5.247491811553212528e+02
-4.127580387855182948e+02
1.527377404022121787e+01
-1.609962613136285938e+02
3.367598834252561346e+02
-6.511736992538482127e+01
5.998554079912475601e+01
4.833253750725675957e+01
4.883860285491309696e+02
7.954129895628682334e+02
1.096388733331152565e+02
3.543155552286390275e+02
2.402688063276580408e+02
2.528838043168666729e+02
4.531189410755304721e+02
-9.097334180695240491e+01
-4.365980777259338197e+02
5.825231626346787550e+01
-5.505691293178357455e+02
-1.544883927075873657e+02
6.182100072723279709e+02
-7.881238827369571709e+01
-5.114886918969021394e+02
-1.527211766410562461e+02
6.573898114831378052e+02
3.544922920573010288e+02
2.172046287855572189e+02
-6.254325249741651760e+02
-3.679212158262865842e+02
9.051230115984664337e+01
-4.815834506276030424e+02
-3.620877637190124432e+01
1.648870157038820423e+02
-7.357714184943003488e+01
-1.732716163305204589e+02
-6.685344946649109943e+01
5.621368650204506139e+02
6.597905428520492421e+01
4.435389155864254462e+02
1.044453961975161320e+02
-7.006455041959798109e+02
-1.914808963609660566e+02
-1.036883949534076521e+02
3.295179521880370430e+02
7.094210445350752536e+01
-2.802620661250846865e+02
3.537963497088449571e+02
1.403661311502605145e+02
6.455794155624731445e+01
-5.251844078308682811e+02
4.732355356459644327e+02
-2.110217167308555588e+02
7.839234140942443219e+01
-1.624434798834254678e+01
3.557769297860777868e+01
2.432013182219654652e+02
9.018102492213872168e+00
1.682949399526495071e+01
1.279310867570622577e+03
6.036382110928659017e+01
-4.094645119111500975e+01
1.352161375011739608e+02
3.050146192052967535e+02
6.318991639566295362e+02
3.728467264387482487e+02
-3.801393794872859644e+02
-1.158875872912645235e+02
7.572299380860987412e+02
2.105452300271134050e+02
-7.140277150166119782e+02
-3.718703678278864118e+02
-3.910600988569862579e+02
1.532512346617052970e+02
-1.091715310846111464e+02
2.237253462468400187e+02
1.552544278613959534e+02
2.292579244722526610e+01
-9.826830732766115943e+02
-2.858654252534648776e+02
7.926941530576732475e+01
1.523489723082407181e+02
2.477793742225823337e+02
-5.557128190099073208e+02
-3.287960759333112719e+02
-1.465801832216710565e+01
-7.751134948676384973e+00
-4.975292335718201002e+02
-5.664407050412102080e+02
7.893684995635202313e+02
5.819464015930832375e+02
-4.480334765392326517e+02
-2.092466305642110456e+02
1.987627629151949691e+02
2.920473489128568190e+02
5.132825960531762348e+02
1.104901289655680756e+02
7.502921155699109477e+02
2.485661610101446399e+02
3.053151886873581589e+02
7.644256808438115058e+02
-3.855005388431305278e+02
2.373994690239955219e+02
-1.402320702669851187e+02
1.641236023665855015e+01
-1.894495296872175061e+02
2.934969380683592703e+02
-2.705225546693264391e+02
4.272423470894309361e+01
9.199604402849357143e+01
-1.983113414307770199e+02
9.221616264238727467e+01
4.790570155246972917e+01
2.801116850522422510e+02
-3.610262953248316080e+02
-2.858575128235717102e+02
4.680055307599894832e+02
-2.112577772953716959e+01
-8.392456514796177203e+01
-3.976332613579351971e+01
-3.169878633626495912e+02
2.378350151186399444e+02
6.702889338723844048e+02
-6.550592008608620631e+01
-4.993576155624735975e+02
2.929271675184780861e+02
-1.467537411696791025e+02
4.100701028058657016e+01
4.871877632517046095e+02
-2.217989041645686825e+02
-1.033316298979251684e+02
8.561797149529246553e+01
6.819889814262128311e+02
3.803994594219464034e+02
-1.543504308683642705e+02
-4.668972960582219685e+02
2.178317965891363315e+02
-2.650801403368396336e+02
4.503014194342048313e+02
9.776930616793960382e+01
-2.162420814537766773e+02
2.307052814686430793e+02
-5.357530745881155099e+02
-2.666151196832757932e+02
2.607816430234487370e+02
4.817561076258708681e+02
-1.658025853281904176e+02
4.990563970057047527e+02
