8.005467309187827141e+01
-2.716286055795781635e+02
-1.904414387724988273e+03
-4.530720681836896802e+02
1.274917069508803706e+03
-1.175072773569256697e+03
-2.154660370995532048e+03
1.116655805252517666e+03
4.964649062098493459e+01
1.594601149987949384e+03
-6.417598550930689498e+02
-1.201643693669583627e+03
2.939471517208133378e+02
1.029365717966926013e+03
-1.226205956468250179e+03
3.329569897023211524e+02
-3.531638158718043314e+02
-1.313200891276001236e+01
5.276229399856571263e+02
4.951177396064591676e+02
-2.951360394942303742e+02
4.639441143488053854e+02
-2.518299663740157257e+02
3.569273589312912804e+02
2.053145459343520088e+03
-7.362997262675860384e+02
5.495879301409248541e+01
3.496755924326255354e+02
9.210782558138558898e+02
-8.372910161352102705e+02
3.254323832366714555e+02
2.446594555257035495e+02
-1.264623539220049679e+03
3.744916843202396421e+02
-2.399887726777113812e+02
8.599055614820641722e+02
-2.579441719140365876e+02
7.477463487368958113e+02
4.783541290908231076e+02
1.902388296315446951e+03
-7.169558743202215965e+02
1.061450262870731898e+01
1.820415115739727753e+03
-4.158813087234044588e+02
-1.170071433494845223e+03
6.460761181529363739e+02
1.375139062249565086e+03
-2.225645088537894026e+03
4.259091903496254190e+02
9.275045826556091697e+02
-5.355889974243697225e+02
1.947124390808072349e+03
-3.273128893379857232e+02
7.341571432735853477e+02
-1.572485690749069363e+03
-6.421534728639646801e+02
-3.843069810574680787e+02
1.064625070271345031e+01
5.452906216623910041e+02
-1.344066250591445844e+01
7.406586315746656055e+02
-5.247173933109616684e+01
1.739127414906435888e+03
2.061506098043439579e+02
1.371101357767046238e+02
1.537700234756125155e+03
-3.149935165004320652e+02
1.846664271493592651e+03
-1.434425690598835672e+03
-5.980855846739671051e+02
2.442350785941845970e+03
3.562630636052654722e+02
4.135570247953768899e+02
3.753761684256231774e+02
-1.849192045555328150e+03
4.219607273482331067e+01
7.972912624445121992e+02
-7.365395421620683010e+02
-1.842247045016271159e+02
-4.159788874597418271e+02
-4.284116470501435856e+02
4.262625994218518031e+02
8.975162407256716506e+02
4.388519385987466421e+02
-1.591530264049904645e+03
7.090376903152852037e+02
-1.063596969435763413e+03
2.997291818909334324e+02
6.146802270821723368e+02
-7.119245752323117813e+02
6.808766776350967120e+01
-1.804679734384948233e+03
1.048685025145774262e+03
5.077124474412374298e+02
-1.182993791711930044e+03
-1.873925420237118033e+03
1.683328109104961641e+02
4.761355252338499895e+02
-4.853961117325124519e+02
8.146942765556254926e+02
8.710558411154662508e+02
4.443475210868191425e+02
1.864745429207649181e+02
-4.534895989114088479e+02
-1.792756985713013819e+03
4.190377646336634854e+01
1.239799796451042653e+02
-1.139037042139294272e+03
-2.082931774672032930e+02
-1.177200874193388927e+03
2.993443186103145308e+02
1.311620472126836148e+03
2.049892575570208351e+02
1.921187806082851921e+03
-1.967008115840485516e+02
1.052033517487204364e+02
9.411231626986308356e+02
1.795788198889566502e+03
4.000924863905122493e+02
-2.411607010232982020e+02
6.951045972352798117e+02
-3.479891208043740107e+02
1.301988335691964949e+02
-4.973738116355804664e+02
-1.050392727755515807e+03
-2.148315531088082597e+00
3.816862190088901343e+02
8.780035840056505094e+02
1.826127836814554485e+03
-1.503355260585497717e+03
-1.572268727128490809e+03
-4.469628338520637385e+02
2.555989965906543375e+02
-1.007002111000123477e+03
3.248635334193651261e+02
1.813839481765546680e+03
1.273196685273005869e+03
-1.171045821486503883e+03
1.204537506861256816e+03
3.635736227088393093e+02
3.765333201870381004e+02
1.625714242484763759e+02
-1.892221530354584047e+02
-1.088730028099524588e+03
-1.414526390338939791e+03
-2.156662836491435428e+03
-4.035867462863564583e+02
2.375260941970964836e+02
1.736266309648890527e+01
3.441836187086925065e+02
-6.432786838664292191e+02
-1.196198436267732859e+03
-1.349284365420919869e+02
7.959196599871117996e+02
2.120369551863959146e+02
3.948109769889349536e+02
1.745665607477437561e+03
-8.179859011842663676e+02
6.044247078956243691e+00
-8.428698426374928658e+02
-1.164040382801833402e+03
-3.297435860343670555e+01
2.166861227038720699e+03
1.004503122584274593e+03
-1.081278191927646276e+03
7.838324900930446120e+02
-1.409587704106184901e+03
5.505747703780765505e+02
-1.226973994043135690e+03
8.335043960830114429e+02
-4.283030053389164777e+02
1.337631220527502592e+03
-3.210292355754021543e+01
-2.580424305502693301e+02
-1.270564444713887951e+03
1.873576969155549250e+02
-2.140889736833045731e+02
1.349786028630537658e+03
1.110397871374104426e+02
-7.669672786147151555e+01
1.116929959714539336e+03
1.601527932175704564e+03
1.168219215652509092e+03
-7.184601879120714329e+02
-1.080016630355070504e+02
1.531463888686588461e+03
-3.094176483526222228e+02
-6.047071584563205988e+02
-1.521606665668312189e+03
1.246586002312711372e+02
1.061054421927422709e+03
-5.099668542774857656e+02
-2.275778420154043147e+02
-3.842812137420438034e+02
-4.669421139350657199e+02
7.584713809462843983e+02
5.567548259022930779e+02
-1.272032725822063668e+02
8.723454120063921664e+02
2.680622143117209362e+02
8.651174418343063053e+02
9.218343175352141827e+01
2.435698727196891582e+02
-1.201484483449380832e+03
4.566957392631829293e+02
-1.401850232946864480e+03
9.032993381629631813e+02
-1.358592878515241637e+03
1.569396361823334018e+03
-1.245212676533925105e+03
-9.939902051273113557e+02
-7.664446254049931184e+00
-1.044120695602227215e+03
5.513866992673409868e+02
1.286833982970080115e+03
1.494394641556178271e+02
1.801498114213050030e+03
4.822323002484771450e+02
1.049447402359874246e+02
1.770000885114888689e+01
-5.727748775735301479e+02
-1.112922648819627284e+03
-6.417842931134986202e+02
-3.343769566251122569e+02
-3.097196100169883266e+02
1.110742166301527050e+03
8.095216496901618086e+01
2.558966861651345539e+02
3.061641291429494913e+02
1.939197527568107375e+02
1.620641571681805999e+02
-8.301337190265395520e+02
-3.465539896544560179e+02
-2.017446264079901312e+03
8.715181908166056246e+02
-1.314399364200763330e+03
-6.040732871064599294e+02
-9.629499998927738034e+02
1.882263656295540386e+02
8.542029366889693165e+02
4.630880345499534201e+02
9.947888756320668335e+01
5.705608175323809519e+02
9.663169254831724402e+02
-2.539089561191299708e+03
-1.132541893460275787e+03
5.080205860226568007e+02
-1.018893414541894003e+03
1.218199466532565339e+03
4.575007345879013201e+02
3.507048794738193465e+02
3.192330834830000299e+02
-1.718514801617345256e+03
2.047080870062644408e+03
1.105362866476876206e+03
-1.420731055384088222e+03
