-3.378956464261861470e+02
-5.457837336177269663e+02
-7.163336105662813225e+02
-3.264149665599867944e+02
6.965366161450390337e+01
-7.223066198794523416e+02
-4.573761898662892236e+02
2.641145159535070093e+02
-2.008379034258042850e+02
1.077281773731713628e+02
-5.618954923069500751e+01
2.275203491970617620e+02
-6.391370568274325024e+02
-6.272827434533984388e+02
5.912704098757916427e+02
-1.439097621740054365e+02
-9.978257340476847048e+01
-1.301723441378254620e+02
5.662714188211422197e+02
3.892818529397313227e+02
-1.761685282353416540e+02
6.848686040136067277e+02
1.332041887929136124e+02
-6.275401644896224980e+02
4.024327862670234026e+02
-5.214083996144356661e+02
3.209210924197689110e+02
1.333915533961207345e+01
-4.078740035254693908e+02
-2.574368902114540560e+02
-5.588974624457104028e+02
-7.489434788241999286e+01
-8.036147216674131641e+02
1.958075670975429148e+02
7.422394660825160599e+02
-3.952537654385489532e+02
6.029874981737502821e+02
-2.752410241388847680e+02
2.136946539653190484e+02
1.451921277033344211e+02
3.588369700855150199e+02
5.530671967026021321e+02
7.354600937058138470e+02
-2.389139118630079963e+02
3.270132778842638004e+02
1.650472003057194286e+02
-6.771375134991660616e+02
8.429949254414638062e+02
-3.573183396581525244e+02
-1.243177093576635116e+03
-2.386603362429008612e+01
1.568598721113299916e+02
1.960516980499938811e+01
-2.377765740869947138e+02
-4.462656877767612968e+02
1.392425142345687163e+02
1.131721657894724160e+02
3.772254063937573676e+01
2.895507774647031169e+02
-4.648959735968233531e+02
2.188475416782879392e+02
1.256334263860684217e+02
-3.692790101011182173e+02
3.597482216676035023e+02
3.905542942827994466e+02
-3.684280827361489230e+01
2.143009806846773415e+02
-4.143058286687972327e+02
-6.781726950394564710e+02
1.134126050116325359e+02
-6.019334287334264673e+02
1.389450757347404135e+02
-4.640290161909736639e+02
-3.514043062751642879e+02
-1.111673694999373538e+03
4.711114149027440590e+02
6.157197477516838262e+02
9.508294389180065309e+01
8.678700117110349765e+02
-8.073047957240083861e+01
6.664259827215702217e+02
1.877823819322480290e+02
2.078462648899947567e+02
-3.576939217097634014e+02
2.275087748844257476e+02
-3.884711952446867826e+02
7.182088762004359417e+00
-9.997690304900530123e+01
5.159621932559257118e+01
-2.322276505573127849e+02
-2.125971037883111308e+02
-9.480989198910019695e+02
-5.329020503920604597e+02
-1.060909965099453274e+02
7.720442976832214299e+01
8.933014789521182593e+02
1.141866476563172483e+02
-2.751485668883360631e+02
3.194583953636002249e+01
-6.588077579430478004e-01
-7.345009244230535614e+02
2.709552813079101838e+02
1.327726189709837570e+02
8.264823678885599634e+01
-6.281425469563841943e+02
-1.217364874185692614e+01
3.191748463578260697e+01
3.782587646271796871e+02
-1.937628783656861629e+02
2.584412015655084929e+02
2.525818169822874495e+02
-7.715670213349160349e+02
3.795897169628993595e+01
6.479927252801809701e+00
1.760605426615656768e+02
4.460185360193269162e+02
2.834920505881150916e+02
-6.085290968011448740e+02
3.837803854964506627e+02
-8.133804097765442975e+01
3.327310203551351719e+02
7.475350831557439051e+02
1.903951503803182987e+01
-2.438299554888708371e+02
1.521589537950352167e+02
2.713721105202180297e+02
4.096203320525523850e+02
-2.633826984731443304e+02
-4.642181869586215157e+02
2.585782244991295897e+02
-5.579216836412371094e+02
-4.091181227177323763e+02
2.257166665095402607e+02
-2.827670456900330009e+02
-2.518285592881950308e+01
-4.275804147513717339e+02
-1.024370501645194963e+03
-5.001132904383382538e+01
-5.904156744889299944e+02
-1.751714178875192260e+02
5.044891346032493118e+01
-1.003317665605074751e+02
-7.042366278128143904e+02
9.962824769678958603e+01
-2.556744503078288844e+01
7.543264714437896146e+01
-2.946511526071890898e+02
1.759109788631397748e+02
2.508176132829093490e+02
3.078353791989356836e+01
3.256974949337199519e+02
-4.836905449632234308e+02
-1.824786731800144821e+02
-2.466675998470939746e+01
-3.628382405210248294e+02
-1.114924805152499800e+02
3.960573843021856533e+01
-1.190464499067199995e+02
-1.937501808441356843e+01
-1.139044704116498536e+02
4.586768948360209492e+02
-1.944366323749661660e+02
7.538329629607403604e+02
2.384260561331420547e+02
1.440923561857366337e+02
7.974744743520665224e+02
-4.972891042654471221e+02
9.425532261767756381e+01
-2.828819583302573619e+02
-7.512295548214206065e+01
-2.063097123525383267e+02
-5.715761815916256410e+02
-5.593379242007786445e+01
2.517856734956471598e+01
-6.366590334681675678e+00
-5.402085779708348809e+02
6.349221617365419661e+02
3.275143572855618572e+02
2.759114271343079849e+02
7.481258161920611656e+02
-8.423141474437356919e+02
-3.089642471091854645e+02
4.413881992904100571e+01
-2.759626071481804956e+02
3.841156514363928522e+02
3.216347277979231478e+01
6.426310445007044336e+02
5.099621045733186975e+02
-8.409272667393053098e+02
2.575102321815659820e+02
2.071112138491701842e+02
-1.064085008234052765e+02
1.509189277442740433e+02
2.460035392729356829e+02
-6.921388957960314769e+01
5.280410842523651809e+02
-1.440405242705020328e+02
6.657336164667673302e+02
2.199295317790912350e+02
3.463444667108203134e+02
-1.503843280150811097e+02
7.860796987220973051e+02
1.586676143822997176e+02
1.394291639404543446e+02
1.955898154451921869e+02
-6.209481680972830873e+02
3.193168891808310761e+01
5.774928577859013785e+02
-6.902372602063704790e+02
3.715711192175779161e+02
-2.568214104990706232e+02
-9.483152556261467225e+01
-5.027197977931671176e+02
5.159722168653388508e+01
1.258888571057295422e+02
1.587236495660269213e+02
4.544919274994097123e+02
-4.634522510978972605e+02
-1.182325105030030272e+02
2.068873910877460887e+01
-1.299557201849773094e+02
-6.403123883518293269e+02
4.408897102366600507e+02
7.018276299341776792e+01
-7.439795951711943189e+01
-3.197175745295780303e+02
-1.059978202644455365e+02
-6.152439798132606938e+02
3.830345111794782724e+02
1.132689019262860484e+02
-6.239931152932589953e+01
6.363275424267052358e+02
5.478061764303682821e+02
-1.617061703917970021e+02
6.042401297634879711e+02
-4.821560089275441783e+02
2.210426378616936631e+02
2.336246938687355055e+02
1.132640386247945798e+02
1.450411184595905638e+02
-5.389586407319220598e+02
4.414722559173293917e+02
5.660375024087582752e-01
-3.573956623106058146e+02
1.705487011864935027e+02
5.909587352822126149e+02
5.094891690569401703e+02
-3.001842323937137280e+02
-5.831310065333972226e+00
3.249404545489689866e+01
8.186156195395339807e+01
3.455496396622873476e+02
5.168428807036560784e+02
-2.382121168864492802e+02
-5.146686983441974235e+02
-6.590677056247466226e+02
