4.832952509559012242e+02
4.934988445012317726e+01
-1.257429992053033487e+02
1.997497773459560335e+02
-3.814903729427171442e+01
-5.414463093057381684e+02
7.151475926032641155e+02
-2.395595129825952938e+02
2.554484754887422469e+02
3.022712114869636224e+01
-5.770483468744662758e+01
2.375955564009068439e+02
-1.140247118667677597e+02
-1.986113807209701321e+01
4.782759816322674737e+02
2.444102151089002177e+02
-3.280319149545861990e+01
4.772768274825386356e+02
-1.195465786841500773e+02
2.254154419416914550e+02
-1.522194477361320253e+02
-1.261352743901107232e+02
-2.147290319682902862e+02
2.256122521888303822e+02
-2.526008548181783340e+02
-6.389688119184359749e+01
2.622849569341244091e+02
4.693177218183348032e+02
1.242069212682625476e+02
4.392049708947063777e+02
4.082472605781329662e+02
4.394221679886967991e+02
3.054829476966130528e+02
5.698981205151113727e+02
-3.837107877863679306e+01
-1.635071792049845101e+02
1.250644787732355354e+02
-7.628154823785742167e+01
-1.830730495098133588e+02
2.765061185742477505e+02
-8.725874975344269160e+02
1.320418176502332415e+02
7.713900092831869415e+02
2.062725165403093683e+02
-3.212611834809803781e+02
1.120965135726749651e+02
2.637587391714163800e+02
3.823233668481675096e+01
-2.876163508253240479e+02
-1.218850271961571696e+00
-4.917468467179846243e+02
-4.284050173206998124e+02
-4.459933248126244507e+02
1.495640663056029496e+02
-3.345529232986283432e+02
-2.266863804886891387e+02
2.890117124976418381e+02
5.900478096277274744e+02
3.945633398306427466e+02
3.828510569521595812e+02
-3.084633807662905269e+02
9.370521234036569069e+01
4.019165333773098610e+02
2.703550361754652158e+02
-5.083509934560265009e+01
1.189418248530737117e+02
-4.792424974675306544e+02
3.939514439328737581e+02
2.562257621193140267e+02
8.149414989946358219e+02
-3.212346881799930998e+02
3.891920553991387237e+02
3.580404052881959842e+02
-2.524383243530584053e+01
2.747974392251160793e+02
-7.110869582244450271e+01
-1.928895897351814170e+01
7.287035049768902581e+02
3.765736277657126720e+02
1.511210377622371084e+02
-1.408145915945500235e+02
-1.901115428490562067e+02
-3.358099824444886394e+02
2.875367256772402698e+02
-3.593856029392941309e+02
3.503932394824590233e+02
-2.396370136195654652e+02
-1.396050206437439272e+02
-1.396779515550667838e+01
-4.715108182597446103e+02
1.625140160076151403e+02
3.012508773281918195e+01
1.567820197014754626e+02
-2.704013616570197769e+02
3.197862939586773905e+02
2.446591364945766145e+01
-2.086453476885279485e+02
-8.333292559558677226e+01
7.922440679675712261e+01
5.437779205006863776e+02
-2.725471538706685237e+02
-2.909755183907331002e+02
-2.439521864520596921e+02
-4.463054217337187310e+02
-2.084634625178492229e+02
-8.289709535882398939e+01
-1.768170921617775946e+02
2.505246585680208682e+01
-4.156205066081697623e+02
-2.901492213572775540e+02
1.876467134661832574e+02
1.813527682880286420e+02
5.200795183091684066e+02
6.579981197564808326e+01
1.172301504251591950e+02
2.880090107298753566e+01
8.610841994217130946e+01
-2.209385880591059959e+02
-4.346226332157754655e+02
-4.484105088954822804e+01
2.875014383812272740e+02
-1.326947446817771947e+02
-7.066845495700879098e+01
-4.860263191614668585e+02
-6.433395528961317211e+01
-2.613697873327046040e+01
-5.784559292129342793e+02
9.929788148488405568e+02
1.558995469970673469e+02
2.932841710664931156e+02
5.765313839129703410e+02
-1.408995910772535609e+01
2.935338377554475073e+02
-4.608499329650960163e+01
6.150986233330157802e+02
-2.635952097846321607e+01
-4.466491302287776080e+02
-1.905805312292001190e+02
3.596392321297449257e+01
5.064897109395271286e+02
-2.776929468247809609e+02
4.327369957174418005e+02
5.454990102793001370e+02
-3.055483243591583431e+01
-2.883921663380716041e+02
-3.281863498088910660e+02
-2.151216470565135239e+02
-1.276475332563766614e+02
-2.912416648204016951e+02
-1.038816706087018247e+03
2.439552374785588427e+02
-4.279876175526410975e+02
2.385142748150504417e+02
-8.135215078009014888e+00
-2.909336533559942382e+02
-5.612993542113638341e+02
6.288194831635100854e+02
-6.285129023547891620e+02
1.168415047816127483e+01
2.957750559007196216e+02
-2.702673054831225841e+02
1.433575213942246478e+02
-2.214185073070668182e+02
3.502687645964586949e+01
3.056336446753115297e+02
-9.090016050110410362e+00
-2.967637731133075363e+02
1.622648886550536247e+02
-1.780671289390932372e+02
-2.351658673593331912e+02
6.205096773099465963e+02
-4.104728799055529862e+02
-3.654743608418727945e+02
7.446679207453873062e+01
1.573891806531091220e+02
2.389533081766730049e+02
-6.222475223291622797e+02
-1.951430809503323189e+02
-3.833633304309610423e+01
4.978478658929678602e+01
2.878339192191345433e+02
5.265784327482351728e+02
-5.771927739144886971e+01
-6.241221753258309946e+02
5.629205496609930606e+02
1.854090720347334127e+02
6.020004913537540006e+02
4.893502798119894805e+02
8.700929959655358914e+01
1.705410848524628591e+02
3.821959787481253557e+01
-1.564800923717265846e+02
-3.007664969205090983e+02
4.274849265849718449e+02
3.139598290442563666e+02
-3.275054543460018976e+02
3.923105944819049000e+02
-4.177307076720260852e+02
4.787613510873415379e+01
3.065738061494016620e+02
-4.355075974161892418e+02
-7.825282159348705591e+01
1.076227631025022191e+01
8.689363984212424441e+01
-1.829516695364618499e+02
5.716426857716433005e+02
-5.650293145465960265e+01
2.526064615115873266e+02
8.264630851021357216e+01
7.076175188976643327e-01
-1.737039588911813723e+02
2.548786431791559721e+02
2.985577071233406059e+02
-8.406779302399772291e+01
9.917500652931808602e+00
-3.854666805642405620e+02
-6.431362661486384695e+02
5.635898403284783171e+02
3.635211251022779493e+02
-2.211180062348602178e+02
1.069212138216016257e+02
-2.128046487739808867e+02
2.392987318182744900e+02
1.335896298860106128e+02
2.262197696792602812e+02
5.903410309925276351e+02
3.008187172486328222e+02
-1.458082142813593123e+02
-1.896836637025095342e+02
5.132498009882676797e+02
2.431509859297095844e+01
-3.787660090356824298e+02
6.711494451371747800e+02
1.199856605654898885e+03
-2.137367069965679320e+02
7.513718731848074128e+01
4.083334412674295208e+02
4.326752316918435213e+02
2.946430307673581410e+02
1.009939684071875519e+02
-4.094969309934538728e+02
-3.707423751244490404e+02
-3.335859179093955618e+02
-3.110309793078148459e+02
-6.490946396351509406e+01
1.561948205458621430e+02
-1.036248798950369920e+00
2.563844264026578799e+02
3.516620160553448500e+02
1.120753371337602431e+02
-4.485703137622494552e+01
-7.611878274536168476e+01
-5.670610881452209924e+02
7.466290474245143116e+01
-1.958953998284018212e+02
5.678665161527618466e+00
