-3.329378277403487374e+01
1.297509773790238796e+02
7.580412297332795788e+02
3.244140933387856194e+02
-1.007949961441494452e+03
5.374954095250467390e+02
-2.859789645939332559e+02
-4.070587324965070763e+01
6.503768235512065985e+02
-1.224153187001206362e+02
-2.220201880030611221e+02
-4.170362208890743432e+02
1.671964726676157653e+01
3.802705919816511368e+02
-1.541154993523951134e+03
1.663601449293593987e+03
2.808241308880162705e+02
4.707148360754999317e+02
7.485535031070742207e+01
-2.093690607241707085e+02
3.690143543038611824e+02
4.810961713476918362e+02
-4.555298717796430310e+02
-7.257240192560901733e+02
7.130515622395545279e+02
5.860212079656525930e+02
-1.535929681001449353e+03
-7.221712047135351042e+01
-1.221061784164731307e+03
-6.921146947191787149e+02
1.554437352552636185e+02
1.255121122263876032e+03
-8.880890570194864040e+02
-5.407997984996994774e+02
-8.487573933120872880e+02
4.004997903530728536e+02
1.330777683964339303e+03
1.105473371931461543e+03
-3.607585538311215601e+02
1.083505732535684501e+03
1.876137340693538590e+03
-1.084334317294756602e+03
-1.265428889477773282e+03
-7.879912436804070239e+02
2.516515152889045567e+03
-1.102612553932057835e+03
2.957549528427764329e+01
-2.535622944695846002e+02
2.059611685786051964e+02
8.225610612802860260e+02
6.022945360877968142e+02
-8.950619611591743308e+01
1.650305769229163388e+03
-1.030366144867266627e+02
-8.841991764068236392e+00
6.573885327150088642e+02
8.139731143871970289e+02
1.253450299522666910e+03
8.522247248792281198e+02
3.181322618688095645e+02
4.238675889770501044e+02
6.819365079059139134e+02
-2.968155738064010620e+02
-3.037924903420251894e+02
2.088693105786064734e+02
-4.532676746836384609e+02
-3.921836345600306828e+01
-4.790809598105749956e+02
1.016100778307043697e+03
3.145008585151355419e+03
-9.025100545949231901e+01
1.285646762957535202e+03
-1.906973904179069450e+03
4.933457650695917209e+02
-5.812643545105507883e+02
-4.119952725000889160e+01
-1.542548263246094962e+02
-2.039212907685295477e+03
2.808823751046760435e+02
-4.043707675382274829e+02
1.711487347739897132e+03
-1.488389281092300109e+01
-5.294602190451704473e+02
-4.859653834828015988e+02
5.002519491680135388e+02
7.144230320654240813e+02
3.314221017903587381e+02
4.943964181186652240e+02
-1.678062299688483563e+02
-1.517885367226198696e+03
1.278639911578425881e+03
-3.676878230733113924e+02
-2.437714090614757083e+02
1.208506280425519662e+03
8.850477941629184215e+02
2.134914711727732993e+03
4.369614243714468103e+02
-5.990789099708673575e+02
1.165110996239360475e+02
-8.630673013935083873e+02
-1.653332749346332378e+02
-1.674106286487823354e+03
8.839976277535837426e+02
-3.416745430687651606e+02
-5.322360175066355623e+02
-4.878978988516832942e+02
-1.046402688252835787e+03
2.203028593811534847e+03
-1.033521692537995932e+03
-6.877895172324729174e+02
-1.780110882536110466e+03
3.878759773105965678e+02
-6.936025682041671416e+02
-8.197224926685739774e+02
-2.225130738081893753e+02
-1.246591894186840818e+03
-4.028883064336137210e+01
-2.725791672266894921e+02
-1.642308638200324822e+03
3.938069468552070589e+02
6.379648059031802632e+02
-7.386739774916408123e+02
7.947402485060060826e+02
-9.769086453033850148e+02
-2.543143020241118677e+02
9.208421301265909733e+02
5.071672940103453584e+02
9.284594845336570188e+02
2.618905054821201702e+03
-6.754556525131080207e+02
4.381802460606013483e+02
7.521821717740253916e+02
8.338938687721104088e+02
-7.859081431420308128e+00
2.124887208137072889e+02
4.932774787386178161e+01
-5.112659242543890059e+02
7.007687080409621103e+02
-7.066729541648026043e+02
-2.007217498123706036e+03
-3.170167747785068286e+02
-1.177291909494553238e+03
1.495535474266127380e+02
4.262956868252263121e+02
2.103286462008180933e+03
-4.237852152313894294e+02
-4.800258957999849372e+02
-9.760483337899059961e+02
-3.586247070268112225e+02
1.112649064298846824e+01
-2.409113553989516845e+02
-1.083030422908654913e+02
-5.173690082700026096e+02
-7.565301335674308802e+02
1.423269132320024028e+03
-8.638969629896300830e+02
-9.823801704095772891e+01
-1.448559571468098284e+03
2.437434544773013272e+02
-3.033858239263227006e+02
-2.661447705658350969e+03
1.008345398399303349e+03
-1.270889726601989196e+03
8.519421345859880148e+02
1.192593405756780612e+03
2.246638106014194420e+02
3.125309723299122879e+02
-1.771651795192640577e+02
-5.731328698570380311e+02
-4.224920069754871292e+02
-7.689595577689528909e+02
-2.479248799325763173e+02
1.166566796250246227e+02
6.557691639576309228e+01
1.357789767306927047e+02
8.393933585760079268e+02
1.920129376022259294e+03
-2.159515963717470584e+02
4.005585792208963767e+02
-9.123755488656032639e+02
1.217093724135790808e+03
7.965919081140596063e+02
8.215062242904082268e+02
6.764712370141700148e+02
8.085443297344486382e+02
2.259570588060114915e+03
7.265801440023052749e+01
-1.637926654723403317e+03
-7.263120902173067179e+02
4.554228589072798741e+02
-5.744741485183577652e+02
2.748496416032828620e+02
-2.717799693857957664e+02
-4.427873570867382682e+02
-4.103795478100605578e+02
3.948208740159108174e+02
-3.399833642293031062e+02
-1.214791103548244564e+03
4.156673191743602302e+01
-1.094617230738270791e+03
3.500679688706698016e+02
-1.164565062574665262e+03
-1.811886127612763403e+03
9.590048223747899101e+02
1.040308768818257931e+03
1.794382262816840694e+03
-4.662624017419965412e+02
5.956128944310137285e+02
-6.741819792005219369e+02
-1.473328438897299293e+03
1.291244274313557696e+02
3.937075272454060269e+02
1.736354741991761443e+02
1.374032560684142709e+03
-4.615482649534976645e+02
2.397799440072825746e+03
7.320246893998533722e+01
5.257794677440555233e+02
-1.830541417808571850e+03
1.023219320177116288e+03
4.055771526049142039e+02
-1.994923257226826308e+03
-5.678379306617808879e+02
7.512731728093671109e+02
1.814532982937769702e+03
-1.944614948946284358e+03
1.562122900122744340e+03
7.264832442698334489e+02
-5.733478629668655913e+02
-8.456120167669500631e+01
1.204231777290028049e+03
-1.521427819422031291e+02
-7.308689108573714748e+02
1.606461417376097870e+03
-7.940752846086649015e+02
2.428809963402269716e+02
2.483763061746106473e+02
-1.373006529320731715e+03
1.725119959978931774e+03
1.353043635332547296e+02
8.403844231341109889e+02
1.678312584793887368e+02
-1.390442993843517343e+03
2.028090702119709022e+03
-7.568523432712331669e+02
3.482726023563052422e+02
4.874935223853776733e+02
-4.157599970313190170e+02
-1.334429095413148389e+03
-4.498025376209020578e+02
-1.044432044801622851e+03
9.171705182236242138e+01
7.227876227843071888e+01
9.458593262135248096e+02
-6.876436320798969746e+02
1.405152376373459674e+03
