9.806949237994293753e+02
-6.053402476028901802e+00
-8.105622717179637675e+02
5.957800105617216104e+02
8.789396372382985874e+02
7.916168400085061876e+02
-6.225107667322857452e+01
8.424441577202763938e+02
-1.289670175636304172e+01
-3.453403356230735994e+02
-1.324189517654169777e+03
8.496865928857731660e+02
-6.840504486738832384e+02
6.417066429697447347e+02
4.780842723635660150e+02
1.684618566725733672e+03
1.740387096288007797e+03
2.323483342965367910e+02
-2.769529824626143295e+02
8.117214508141775298e+01
-5.351719671125332525e+02
4.647462940627760304e+02
-7.357237181633360024e+02
-1.005335578020145363e+03
-2.479235020685547752e+01
5.031791942605301529e+02
8.919040414712455345e+01
1.088005595735894076e+03
6.429476061169025058e+01
-1.688319049120056832e+02
2.142456435035610127e+02
-1.080785855142913306e+03
9.924014612426842632e+02
-2.356746033988089039e+03
-4.213827074300714344e+02
-3.398926987962962016e+02
-3.780218940417670979e+02
-7.171470561237554193e+02
-1.420427270087230681e+03
-7.924688394605356052e+02
-1.169289306185175519e+03
-1.368536025564028250e+03
-2.507010840438026378e+02
3.780315485698046700e+02
-2.688741583293921735e+02
-5.144931285509532017e+02
-1.054838313705163955e+03
-1.331151248706509023e+03
9.043404727904351148e+02
-5.154937293028585827e+02
-2.458532062332805310e+02
-1.523547698186461901e+02
-6.617113963229451201e+02
3.047062417504201903e+01
-3.769792679075090405e+02
-2.775901431627619900e+02
1.507048519603521072e+03
3.795826143387156293e+01
4.336407054703650488e+02
-3.883137090949570052e+02
1.445502981442718692e+03
7.601131230470498394e+02
2.513544872276966373e+02
-1.570420408032976809e+02
2.700321037945760168e+02
5.151121118438369422e+02
2.622585908740350646e+02
-1.075371759805070269e+03
8.216575346707693370e+02
-1.615462399659505309e+03
3.121376079686707783e+01
7.409407432318548672e+02
5.777892710664571041e+02
-1.693583925311744736e+02
1.323186213143214900e+02
7.920333538022086941e+02
6.274297869597950239e+02
-1.457518190987916114e+03
-6.471951571124710654e+02
-6.222561348217972181e+02
3.590976226074524789e+02
1.268783136613392799e+03
-5.092602256034356856e+02
-2.827187751011780392e+02
1.231525620455815215e+03
-7.720375093525630064e+02
-1.707173317098902032e+02
3.578446968794984855e+02
-6.031931359850822219e+02
6.791540044006351309e+02
9.428729715436325023e+02
-1.074476844076252746e+03
-2.140937082390770172e+02
5.904492690385474134e+02
-1.878197867404671797e+03
-9.674687894194364617e+02
-4.263257505818752406e+02
1.181840814897043401e+03
9.048240765780707306e+02
1.790833665673374071e+03
-2.455616678316491459e+02
-2.186096480532418695e+02
-1.338953330317613108e+03
2.830633446402427467e+02
9.414326859027094940e+01
4.087071917194684829e+02
1.163019649179231010e+03
1.231093853116504988e+03
-1.269819511705610466e+03
-5.291824142036465446e+02
6.595104276908008387e+02
-9.417317375616571553e+02
-6.405503895023739460e+02
-4.825866515349152905e+02
1.426146539396261005e+03
9.240439390453253736e+02
7.422831559825873455e+02
-1.613181420545324954e+03
-3.534158642585647954e+02
-2.209521788383955254e+02
-1.439180681203011090e+03
-8.162779450666101866e+02
1.477408228666990681e+03
-5.222236907910339596e+02
2.125412176199671705e+02
5.707502229305986248e+02
1.319221890288148415e+03
-2.299714130112029125e+03
6.786006697689948624e+02
-2.041963275145736361e+03
-6.721590913034340247e+02
1.701605383983920774e+02
8.158992094178232435e+01
-3.405564162137453081e+02
-8.628885813029614837e+02
-5.913918819677624583e+01
3.090128399734920350e+01
-3.138259600536862877e+02
-3.958538919593635796e+02
-9.293701789643868096e+02
3.716848078557482182e+01
6.525357225583111358e+02
-9.243977987899990012e+02
-3.761323572897350687e+02
6.285334898102864827e+02
1.507913005100822147e+03
-2.573969562971902860e+02
-3.388231924330769402e+02
7.782749931214750632e+02
1.713859059852952669e+03
1.436953323128405145e+03
3.125857328616427822e+02
1.607611900227437900e+03
-7.916974943557225970e+02
-6.935346501312967860e+01
9.999195702794190765e+02
-1.746313871432463884e+03
-1.119308650457519661e+03
1.620638348562250485e+03
-1.594401433850577860e+03
-1.916278543846412504e+03
9.478793685889458231e+01
2.581899127862633350e+02
8.422242006202660605e+02
-1.427359411455656527e+03
8.208927836825052964e+02
-1.013123212042938462e+03
2.003123730006527694e+03
7.018581853950445293e+02
3.510545343339245505e+02
-1.319812340739397769e+03
-1.888022367977125953e+02
7.468347411208377480e+02
-2.067841125416399564e+02
-8.356237396886288025e+02
2.460508486542998696e+02
1.105372213398473150e+03
-9.308674736495494244e+02
1.161184314896808246e+03
1.093215214188620166e+03
8.920451189861233843e+02
1.708961475523920853e+03
-1.377467154497524689e+03
1.751828262678901922e+02
-3.477241698719413989e+02
-1.080751738190268952e+03
-5.222713914576248726e+02
1.582216204612192541e+03
-3.458626514744285032e+02
5.420083215241801327e+02
-8.230798089176951180e+02
-1.312122259948165947e+03
1.225627299657068306e+03
-5.215815905742712175e+02
-3.337067039846093053e+02
-9.371733436370917616e+02
4.013195834603812386e+02
1.324492812059358585e+03
1.249890454518142860e+03
7.352630206160466741e+02
1.047557390455014570e+02
5.706491154995335364e+02
1.091833822767192260e+03
-4.905190808256354558e+02
6.410500856220087371e+02
-5.025115285166098715e+02
-1.262563350640370118e+03
7.849585143774708058e+02
1.760033674910806667e+02
-2.518122854111771005e+02
-1.106548728231062341e+03
-3.886408909096501674e+01
-1.031748788820266782e+03
6.029916885704128617e+02
2.496180570873779061e+02
-1.181696007483522635e+03
2.246611253590280342e+02
-1.571116969407328270e+03
-8.414445246623828325e+02
-3.256576618724837431e+02
-3.576147726893039476e+02
1.275689676446826297e+03
-1.281650840149356327e+03
-7.496770164365625533e+01
2.676425499511330145e+03
-3.084804975360000299e+02
-1.031117455065946388e+03
-8.120092773884367716e+02
-1.012497898379051890e+03
8.610852400655197698e+02
-7.089675817362916632e+02
-3.128239094563514122e-01
3.194214906652821924e+02
5.900268956935466349e+02
-1.457407681214841432e+03
9.994384734483675174e+02
-9.447446046580044765e+01
-1.526217944643882447e+03
-1.940220072414079823e+03
2.648065631170487677e+02
-1.183522542412755030e+02
6.218669554091661666e+02
1.199793098585639761e+01
6.259331891537738812e+01
-6.226068981626544883e+02
-1.433540444003696166e+02
-2.999644020605700803e+02
-1.802193320867869716e+03
6.032560271028938814e+02
-7.544265172744549091e+02
-1.881585398564533591e+02
3.774328328295305823e+02
1.911099339165024048e+03
1.000407758772252237e+03
-2.060218087308133192e+02
-6.400620537506442815e+02
